Azimuth-averaged COM order vs d(P)
==========================================

Local 20 Å DLS (DNA length)
  dP   n   score  am    int   xtal
   1.0    6  0.032   1.00  0.00  0.00
   3.0   40  0.028   1.00  0.00  0.00
   5.0   87  0.028   1.00  0.00  0.00
   7.0   99  0.035   0.99  0.01  0.00
   9.0  129  0.035   0.98  0.02  0.00
  11.0  101  0.039   0.99  0.01  0.00
  13.0  119  0.046   0.94  0.05  0.01
  15.0  133  0.051   0.94  0.05  0.01
  17.0  135  0.053   0.93  0.07  0.00
  19.0  144  0.063   0.85  0.15  0.00
  21.0  149  0.067   0.85  0.15  0.01
  23.0   71  0.071   0.85  0.15  0.00

Opposite faces (local wrap score)
  dP    A      B     |A-B|
   3.0  0.025  0.030  0.005
   5.0  0.028  0.027  0.001
   7.0  0.027  0.042  0.015
   9.0  0.031  0.039  0.008
  11.0  0.032  0.045  0.013
  13.0  0.037  0.058  0.021
  15.0  0.044  0.057  0.013
  17.0  0.048  0.059  0.012
  19.0  0.057  0.070  0.014
  21.0  0.055  0.078  0.023
  23.0  0.072  0.070  0.002

Packed vs DLS (azimuth-averaged score)
  dP   packed   DLS
   1.0  0.093  0.032
   3.0  0.099  0.028
   5.0  0.093  0.028
   7.0  0.116  0.035
   9.0  0.132  0.035
  11.0  0.131  0.039
  13.0  0.136  0.046
  15.0  0.138  0.051
  17.0  0.135  0.053
  19.0  0.139  0.063
  21.0  0.134  0.067
  23.0  0.119  0.071
